0 25.605
1 25.581
2 25.448
3 25.377
4 25.372
5 25.371
7 25.312
8 25.118
9 25.114
10 25.113
11 25.112
12 25.113
13 25.103
14 25.089
15 25.122
16 25.161
17 25.208
18 25.200
19 25.195
20 25.177
21 25.181
22 24.858
23 24.876
24 24.915
25 24.931
26 24.959
27 24.983
28 25.010
30 25.028
31 25.058
32 24.969
33 24.971
34 24.976
35 24.957
36 24.959
37 24.966
38 24.957
39 24.958
40 24.965
41 24.968
42 24.975
43 24.960
44 24.889
45 24.892
46 24.948
47 24.955
48 24.948
49 24.945
50 24.946
51 24.948
52 24.934
53 24.910
54 24.936
55 24.931
56 23.337
57 18.572
58 18.354
59 18.083
60 17.786
61 17.396
63 17.126
64 16.998
65 17.009
66 16.192
67 16.167
68 16.164
69 16.156
70 16.170
71 16.167
72 16.114
73 16.152
74 16.158
75 14.971
76 14.952
77 14.943
78 14.947
79 14.932
80 14.694
81 14.865
82 14.858
83 14.861
84 14.864
85 14.863
86 14.869
87 14.862
88 14.865
89 14.861
90 14.853
91 14.848
92 14.845
93 14.845
94 14.849
95 14.833
96 14.846
97 14.843
98 14.843
99 14.840
100 14.839
101 14.839
103 14.841
104 14.836
105 14.836
106 14.833
107 14.839
108 14.828
109 14.826
110 14.857
111 14.840
112 14.838
113 14.835
114 14.834
115 14.831
116 14.832
117 14.831
118 14.829
119 14.840
120 14.839
121 14.835
122 14.838
123 14.849
124 14.838
125 14.831
126 14.831
127 14.824
128 14.823
129 14.822
130 14.820
131 14.820
132 14.817
133 14.816
134 14.818
135 14.821
136 14.820
137 14.819
138 14.819
139 14.823
140 14.823
141 14.822
142 14.821
143 14.821
144 14.843
145 14.843
146 14.843
147 14.844
148 14.841
149 14.853
150 14.837
151 14.835
152 14.849
153 14.847
154 14.848
155 14.847
156 14.847
157 14.846
158 14.847
159 14.847
160 14.844
161 14.839
162 14.837
163 14.843
164 14.837
165 14.850
166 14.850
167 14.681
168 14.663
169 14.618
170 14.623
171 14.721
172 14.640
173 14.645
174 14.700
175 14.561
176 14.627
177 14.690
178 14.642
179 14.628
180 14.654
181 14.638
182 14.638
183 14.631
184 14.595
185 14.559
186 14.599
187 14.506
188 14.541
189 14.596
190 14.535
191 14.540
192 14.640
193 14.556
194 14.543
195 14.625
196 14.585
197 14.480
198 14.635
199 14.626
201 14.489
202 14.591
203 14.624
204 14.568
205 14.577
206 14.623
207 14.531
208 14.546
209 14.666
210 14.594
211 14.573
212 14.629
213 14.574
214 14.577
215 14.668
216 14.617
217 14.565
218 14.558
219 14.622
220 14.589
221 14.595
222 14.612
223 14.598
224 14.629
225 14.587
226 14.546
227 14.592
228 14.508
229 14.611
230 14.585
231 14.585
232 14.569
233 14.564
234 14.533
235 14.616
236 14.532
237 14.539
238 14.532
239 14.578
240 14.566
241 14.634
242 14.572
243 14.560
244 14.635
245 14.557
246 14.508
247 14.553
248 14.496
249 14.469
250 14.564
251 14.464
252 14.471
253 14.500
254 14.512
255 14.533
256 14.487
257 14.495
258 14.573
259 14.578
260 14.512
261 14.476
262 14.413
263 14.208
264 13.841
265 13.748
266 13.816
267 13.585
268 13.531
269 13.529
270 13.572
271 13.411
272 13.388
273 13.395
274 13.425
275 13.175
276 13.187
277 13.192
278 13.204
279 13.408
280 13.243
281 13.262
282 13.614
283 13.300
284 13.315
285 13.614
286 13.650
287 13.790
288 13.795
289 13.772
290 13.752
291 13.508
292 13.144
293 13.155
294 13.586
295 13.512
297 13.479
298 13.298
299 12.908
300 12.843
301 12.829
302 12.816
303 13.371
304 13.283
305 13.252
306 12.784
307 12.710
308 12.601
309 12.954
310 12.958
311 12.919
312 12.925
313 12.934
314 12.960
315 12.758
316 12.506
317 12.472
318 12.456
319 12.458
320 12.455
321 12.459
322 12.458
323 12.451
324 13.082
325 13.056
326 13.021
327 12.993
328 13.004
329 12.509
330 12.455
331 12.427
332 12.491
333 12.942
334 12.940
335 12.614
336 12.552
337 12.146
338 12.102
339 12.014
340 12.339
341 12.387
342 12.208
343 12.208
344 12.005
345 11.837
346 11.835
347 11.838
348 12.148
349 12.128
350 12.127
351 12.186
352 11.770
353 11.967
354 11.944
355 11.952
356 12.372
357 12.368
358 12.360
359 12.248
360 11.860
361 11.844
362 11.905
363 12.233
364 12.263
365 12.245
366 12.215
367 12.089
368 11.847
369 11.829
370 11.760
371 12.132
372 12.165
373 12.189
374 12.190
375 12.209
376 12.104
377 12.102
378 12.100
379 12.100
380 12.103
381 12.099
382 12.096
383 12.109
384 12.109
385 12.111
386 12.112
388 12.115
389 12.118
390 12.121
391 12.124
392 12.126
393 12.128
394 12.130
395 12.130
396 12.141
397 12.022
398 12.023
399 12.023
400 12.017
401 12.018
402 11.918
403 11.928
404 11.927
405 11.927
406 11.929
407 11.930
408 11.931
409 11.931
410 11.932
411 11.930
412 11.930
413 11.929
414 11.930
415 11.929
416 11.929
417 11.928
418 11.929
419 11.928
420 11.900
421 11.901
422 11.906
423 11.907
424 11.718
425 11.616
426 11.617
427 11.620
428 11.618
429 11.589
430 11.483
431 11.483
432 11.482
433 11.488
434 11.489
435 11.489
436 11.491
437 11.494
438 11.510
439 11.513
440 11.512
441 11.511
442 11.515
443 11.517
444 11.535
445 11.534
446 11.533
447 11.532
448 11.532
449 11.533
450 11.535
451 11.322
452 11.323
453 11.319
454 11.316
455 11.318
456 11.223
457 11.222
458 11.235
459 11.236
460 11.237
461 11.232
462 11.229
463 11.224
464 11.225
465 11.226
466 11.230
467 11.223
468 11.220
469 11.221
470 11.222
471 11.224
472 11.225
473 11.226
474 11.227
475 11.227
476 11.227
477 11.230
478 10.803
479 10.803
480 10.805
481 10.797
482 10.802
483 10.755
484 10.716
485 10.733
486 10.737
487 10.742
488 10.746
489 10.749
490 10.753
491 10.755
492 10.756
493 10.759
494 10.759
495 10.760
496 10.761
497 10.762
498 10.764
499 10.765
501 10.765
502 10.767
503 10.768
504 10.801
505 10.801
506 10.409
507 10.405
508 10.403
509 10.405
510 10.407
511 10.392
512 10.395
513 10.399
514 10.399
515 10.409
516 10.405
517 10.405
518 10.385
519 10.384
520 10.382
521 10.383
522 10.384
523 10.383
524 10.381
525 10.395
526 10.396
527 10.396
528 10.398
529 10.399
530 10.400
531 10.396
532 10.396
533 10.398
534 10.110
535 10.173
536 10.159
537 10.157
538 10.157
539 10.156
540 10.122
541 10.120
542 10.116
543 10.116
544 10.060
545 10.060
546 10.059
547 10.059
548 10.062
549 10.072
550 10.070
551 10.107
552 10.100
553 10.098
554 10.048
555 10.039
556 10.072
557 10.069
558 10.068
559 10.065
560 10.064
561 9.741
562 9.804
563 9.788
564 9.748
565 9.764
566 9.657
567 9.637
568 9.638
569 9.640
570 9.643
571 9.647
572 9.649
573 9.651
574 9.659
575 9.662
576 9.663
577 9.665
578 9.664
579 9.614
580 9.607
581 9.602
582 9.647
583 9.650
584 9.647
585 9.657
586 9.655
587 18.478
588 23.610
589 24.012
590 23.994
